0,18.322262916235001,36.292411162950103,50.977828805873202,67.684708533689005,74.707770994996906,86.574321586870198,93.750637828063205,96.524400506565499,88.085205623830902,81.771197901199997,69.915529580546206,64.030093554724999,48.1985465603004,43.427672069978797,26.198976741056899,27.811528542930802,24.398792164877399,33.422945297151699,41.238893179747201,45.692937675688697,58.923340282085398,68.912198729508802,73.070216386743098,63.264825163292798,65.064311143078001,78.808046009041007,74.618734589642798,65.4603162404877,76.159828057357302,84.364355153914602,75.866667819448907,72.907889059711493,83.483833763206206,91.642807388062806,96.064076636839204,98.497909750212401,93.243250453518499,100.541058967742,104.85995898295,96.838512220458995,93.247835297703901,83.945653809481499,78.661636479581304,67.161166569315597,64.879159855940898,74.945728500518698,75.389233270966102,81.044763019495207,76.143696454309804,77.343807912770799,76.514857044656395,71.327020026941298,65.212472752750898,55.724591333863103,50.010125488445198,45.797950497791199,56.004439324569702,55.322837101718797,46.900780467219803,41.273298308935402,29.1389159075067,19.163238417880301,26.813866179681099,38.380875012546603,53.0488247411092,66.443130654881401,78.109976638399701,87.7501587740839,95.9539068846655,103.62609942306599,109.847806361816,118.50245615714201,126.280909348566,140.00450682736999,146.863221167436
18.322262916235001,0,21.506309571598901,35.032394287383603,52.953711889031801,60.967235996557001,74.171951664465396,83.863227533210306,87.749703664249097,78.841901748488695,70.637592036420898,56.243114503158097,49.320002137039602,32.5091252994755,29.566948395256201,18.674484488399699,26.788498531995799,34.5213965963964,43.026832585096102,52.674451587397002,50.807408298020398,61.399628226478697,66.347898574888305,70.879531386883798,61.232432168796997,58.573341757065002,71.179784590989499,68.936934223183897,57.866596140038098,65.701745431244305,76.293671363316705,69.591004199242406,64.301230627084394,73.971846900991693,84.275152398236699,87.625185147275403,92.126156088149898,86.817154185366704,95.677327787063803,98.107068027149396,88.289857681473194,85.2073824290038,75.031849330793094,70.814574440227403,61.011485732437897,62.675975728134297,72.577693921932294,73.528562827024899,77.066259455667307,72.616721773279295,76.573880675536103,75.932990363373705,75.351528009307998,69.895793418129102,60.952374058933401,52.568233649558302,55.041621919075901,64.268890859475604,59.773012089375399,54.492667357895002,43.154834718768903,35.724972718929898,24.373934757283401,20.672983775022299,30.2940875163264,40.714380692515903,54.875973347074201,66.485132294549402,76.178732479804694,86.358637304868395,95.136559326058503,103.81624698888299,113.86100836295,123.952102320451,139.15197640872901,146.48023868404101
36.292411162950103,21.506309571598901,0,19.3865106002233,36.475776209883499,48.841368126115803,64.256555665166303,78.048817583169694,85.788078378910697,77.5330051324446,67.870342865354303,49.918548607059599,41.853627749758402,27.7832628601248,24.080345327006,27.666912921166201,30.551147356950501,43.4096391851456,47.984305588612798,59.908215678682403,52.252991809162303,58.8646962834991,57.689091136698501,65.262719532412802,57.478642339368498,48.922560840157601,61.332067640363903,64.503509153227895,53.4664212383068,57.294754448213297,71.958053798190306,70.218520619383099,64.1894136331737,71.581466640770799,83.179940385261105,82.718753924146199,88.3661564080831,80.384463804360607,91.173575775855895,91.929413729293202,78.031822928524605,73.764111513980197,60.395107686633402,57.206040589572098,48.640310580801703,57.290244609804802,67.635991752243399,67.094232074852997,67.811240452476397,62.146648424573698,70.124860673798594,70.501611838375794,75.124397470370994,68.685624564033503,59.739730900685402,47.867703306578001,58.201649171676003,66.455897296074497,57.678521098420198,57.129316952029299,39.708797383102301,41.307133105155103,35.0932024852276,27.0067559649316,22.677983887271701,25.3505952786814,37.110518021907197,51.4897911877339,62.178545686033402,76.061834892746703,87.378914560090905,98.910014573008397,112.110229047323,125.014783879276,142.74941885385701,151.08420165922701
50.977828805873202,35.032394287383603,19.3865106002233,0,20.863749831499199,31.663006558462399,48.288871573347102,63.8816551223399,72.583272846459096,64.394013677758906,53.6664885629745,34.042657234155698,27.441670080784601,20.2471497139158,25.961815349563601,38.521790432942197,44.661190158428298,58.385391596813399,62.720248189116802,72.867617052459295,63.743790453994599,67.117624388984794,61.789002252567798,67.361767127390905,61.6812683715047,51.119292929524001,58.250653585765797,62.714499355110704,52.098885063995198,50.530244405061097,65.285253637592902,65.727085590126606,57.612533381349998,61.874761145896201,74.747660345392205,73.120690764910094,80.759270425011707,74.228857290802907,84.728210614872296,83.074667475178998,68.984136753912495,65.299348384863904,53.350152335144898,50.924147648562197,46.717191754638002,57.071993873766502,64.865439788942993,65.905759315586394,64.7070091491466,62.173656522819797,71.512879105076095,72.593601688534804,80.251054910702607,75.917781381783101,69.860522192074896,59.240292647973497,70.675420971014802,76.436885854550496,66.391687495741905,67.849405155853205,51.5241693979453,54.643831412244403,48.901757474887098,36.898254519598403,30.266728168454701,18.958272776835901,29.170798937237699,38.8436775201098,49.257918497292302,63.766813631251402,75.921578449770905,89.334836914058798,103.136931245056,117.682880812589,135.92257789218399,144.25179692002999
67.684708533689005,52.953711889031801,36.475776209883499,20.863749831499199,0,20.962786985158498,35.6658464755483,55.528233753381798,67.741841407950204,62.403021332611701,50.750336791128902,32.279557381028198,25.906195909405799,31.0526707857817,35.011215707925601,51.729670987791899,55.802504946427497,70.537261480112306,73.793184759784296,82.528059172122994,69.922521559427906,69.048001589207701,58.338671818360801,62.814246870835198,60.085954200003698,46.745521152492799,48.261063498048102,56.677523298725802,48.4468594080247,40.840206425449601,56.8039040766946,62.503183039895802,54.816061364793399,55.336282186784302,67.975301349463905,62.410075975654998,71.0519519194944,63.283505568319399,74.944197270275197,71.286650293347193,54.398764350311502,51.391211419409103,39.894810462428801,42.130670065072103,45.398563117436701,60.743995730641601,65.285468136810394,64.719617605390098,58.695966850657598,56.802334808543598,67.567844079209394,68.533490726738904,80.799584269177203,78.254147448101904,74.487347926130994,65.103814851779603,80.233483889183105,83.843737522327103,72.942646845815801,78.356845736427104,62.117919752252597,69.535566248310204,66.202392299647599,55.261004355530801,45.457819016732401,27.974187969917601,22.9229573908937,25.4925799643737,31.924266351596099,49.734805483153501,62.9985550943763,79.078311716671806,95.091124347588305,111.990603899513,132.39591875897901,141.79262790636801
74.707770994996906,60.967235996557001,48.841368126115803,31.663006558462399,20.962786985158498,0,19.194105086104301,37.3327554848779,49.722549511004203,44.238293199839703,34.435509117241601,20.236062137948601,25.9256868441717,37.604263457416003,47.364781612946103,61.598360727217901,67.882030274587706,80.083292077374196,83.206933511334796,90.216725754374906,80.429861774922102,79.144397975442999,69.710757350160705,71.334484151958193,70.446427963197607,60.816970832248998,58.284402075171897,63.831983928280501,57.866435932387098,48.830139353777803,58.761428017682,63.516971013566902,54.864292883646002,51.429077478511601,63.182975034393799,58.3364685178516,67.704282492119106,64.238248934222,71.549378583687201,65.757980453860398,53.5706953876631,50.3862674051583,45.225584147828798,43.893639263533899,48.984622791220197,58.813452204683102,60.076627716286097,63.080240432836099,58.737343052871402,62.633878303078099,71.914391001041906,74.471026771474996,85.294646100273894,84.509385919416104,83.487073084254305,76.131930912683401,87.390602521156396,88.997542531295807,78.558500080302494,83.011118921135406,70.361487382559503,75.465918331617502,71.932349451353403,59.688620236759597,51.905137786629197,34.365888519755501,32.978803213658701,23.3640109631509,29.263304782407602,40.270799044945903,53.538809998172198,69.112483678883507,83.866598128999499,100.713134805641,119.646072994717,128.02179667735399
86.574321586870198,74.171951664465396,64.256555665166303,48.288871573347102,35.6658464755483,19.194105086104301,0,22.958413796573101,37.557355376506102,37.143867145140902,29.020735196947999,26.911060011511001,34.409402236072502,49.563727202652103,58.710358089554099,72.488879544972505,78.970921900222194,90.545142869050693,93.919140662576993,98.681559171504503,88.5718631157186,85.420731005091895,75.213647163408794,73.218270565680101,74.361901739628607,66.873158016090798,59.128068109229098,63.161809119464102,60.402347626802602,48.981811165093397,53.351784882477197,60.013973380209698,52.339719679460202,44.306978058674403,53.594547555918702,47.119556619127401,57.025368435001198,56.855258387255702,61.511353770018999,53.368453026946803,45.207348199360197,44.978594585828603,47.695843360100099,49.135137194582697,58.743568837110601,66.832176910858493,64.065057233425193,67.110547119490306,60.555550459964202,67.087688910395102,74.004789254268104,76.006791871924406,87.714340431866802,89.724591268644801,91.257759940692296,86.512830823403604,97.170620573232597,96.993739452178502,87.821618553726196,93.348371457867003,83.017929743943995,88.199629601929502,85.122381269196296,73.786363323648203,67.149514340367304,50.899848685369598,46.683115518570297,31.0217811675736,26.6875410826704,28.685688053675399,38.990793202865397,55.323518149664402,69.655644851697701,87.6997326653497,107.22901897826,116.024178849564
93.750637828063205,83.863227533210306,78.048817583169694,63.8816551223399,55.528233753381798,37.3327554848779,22.958413796573101,0,19.2297535033717,24.4761596758146,27.0099912778138,38.166943895013603,49.621748861904102,63.013006016437799,73.246225878183395,83.262323665677798,90.389002801673996,98.799755945473805,101.857569248058,104.356991341452,97.542996590936596,94.405935908848406,86.872574627551998,82.5168070282419,84.930583172514005,81.704895422429203,73.018661344601099,73.423634106088599,73.084783961098594,64.049251294861193,61.921640260732701,65.587541849366701,59.444041328251501,49.7989518878775,54.313638776225901,50.599493134497102,57.8762494284681,62.804975616154799,60.513359051042599,52.055083642999598,53.307126750457698,52.783580636900297,61.0974426266759,59.0946942601852,67.755542675877393,68.913946085800902,62.517230468054102,68.442579807671194,64.747473596319495,75.556633637373906,79.320762307265795,82.429023429783001,90.901038389859394,94.7453317172521,98.848095984809802,96.592746724566197,102.90497298543301,100.70665417148599,93.226982158961704,97.530010558424294,91.594870080609397,94.467387734121203,91.779473449856098,81.231674934191901,76.989829420955104,63.905444012413099,62.637412896061001,46.300532950006797,43.0432912613662,32.339895533373799,36.239310468513601,46.066764107851597,56.163841279923602,72.337352290631699,89.226069573235506,96.712837788164904
96.524400506565499,87.749703664249097,85.788078378910697,72.583272846459096,67.741841407950204,49.722549511004203,37.557355376506102,19.2297535033717,0,14.716431996615,24.082470504075602,42.998801881298697,55.408652008783598,67.820901260291805,79.464953095008894,87.314507721347098,96.419315234545095,103.68656403892599,108.07002348157199,109.237800916719,104.586989222098,103.056441026345,98.271555837106703,92.145206326704596,93.156576678350305,92.232651934580204,84.100666330947305,80.661397783120904,79.793276727374206,72.645083978771495,67.265174664710798,66.748157046613898,60.273000745852102,50.917502513181802,53.990674570588297,55.685584039766297,62.613027532225601,71.720813483054997,67.665718434063706,60.681136687980903,66.796849084480499,68.294733170530805,77.257494932845802,74.763703739426404,81.150471878242499,78.609545692715599,72.284163762202894,79.695856716026995,78.265131539080699,89.029690834458606,90.531769690165603,92.645933567290299,98.174577085979706,103.06206975353901,107.289317063277,106.230880345467,109.57332377026199,107.533762009714,101.966281804018,104.02501965566501,100.209196608494,99.925412907631994,95.810646230654001,85.518860741016994,84.847651246166095,74.397873536193799,76.7137925771341,62.4707148390521,60.015600843324599,49.166583815085197,48.233022004272001,53.023512348486001,56.164463365436802,68.642585859866699,81.504555403486506,87.295272251267804
88.085205623830902,78.841901748488695,77.5330051324446,64.394013677758906,62.403021332611701,44.238293199839703,37.143867145140902,24.4761596758146,14.716431996615,0,16.5394058973658,34.722109669125302,49.000381084002498,59.902518101900199,72.993018045106794,80.2357981305652,90.145528948497898,97.312362552604597,101.92032835301001,104.188260015371,100.52884767800499,100.586747087186,96.834074308807004,92.416885425471506,91.954016939368003,90.269689986515402,84.799470495206606,81.619848387951293,78.564857040852701,72.5868499344909,70.120351299697504,67.899388801516807,59.902573070676098,53.105131672087403,59.139664801869401,62.057921322286198,69.682880840476102,76.835068463381404,74.971316064007496,69.131760725036301,71.922975021190894,71.927979322621297,77.320707956652896,73.1014285773268,76.829992469497498,73.483155593223003,69.300134871830195,77.701164129298604,78.226151209507407,88.082830586768495,90.709092787713303,93.186528037103201,97.696315837134193,100.973092943547,103.721804959276,101.384792574926,103.969813101597,103.02565916578,97.029865776429403,97.608516821851893,93.287892651663299,91.637583028163803,86.667740465534905,75.637707722374898,75.991699194749899,66.394891640433102,71.604560398978407,59.631825444584202,60.748153999278003,54.094367616827498,56.792494396404599,63.120285333852998,67.546779766084995,79.161236929372507,91.077438319666101,96.0795310552584
81.771197901199997,70.637592036420898,67.870342865354303,53.6664885629745,50.750336791128902,34.435509117241601,29.020735196947999,27.0099912778138,24.082470504075602,16.5394058973658,0,21.373340539304401,34.598399751231298,47.488453378028602,60.816512849958798,70.423498638753003,80.956670935617296,90.539888179250198,96.165301340216601,99.425880377051996,93.477616876728007,93.809799508407593,88.995846471135096,84.862831379215507,83.1052621125923,79.657798376035302,74.475497529924894,71.685238982214997,66.923878856636094,60.022853587473698,59.752414434873202,58.167796026539598,48.4857044974326,42.239002101061203,51.642552296989898,54.357341647919903,63.992325115065498,69.757735303270195,71.672775000730098,65.947869249923102,65.416786503953006,66.961663797921602,70.487539278777803,68.751202372854607,72.985380740381302,73.620552502118201,71.397703227754207,77.802442690708602,76.248460511935903,83.467549757275094,87.025864348093407,88.092133315276797,94.394601868835593,97.247507371381502,98.465509117791896,95.101512957029698,100.27580292672801,100.76930257854301,94.261852463063704,95.492999236494498,88.458510145293204,87.741935443998301,81.866979198619703,70.227487018771996,70.115460799013505,59.090078272931002,63.636327910798499,53.011867697348997,53.112546490675101,50.941615678009903,54.720079343339997,64.586300968744695,71.366115993149705,84.950506966936402,99.507088323193599,106.003924439061
69.915529580546206,56.243114503158097,49.918548607059599,34.042657234155698,32.279557381028198,20.236062137948601,26.911060011511001,38.166943895013603,42.998801881298697,34.722109669125302,21.373340539304401,0,17.170751016428898,30.223692649248701,44.336876534604997,56.704757482111901,66.835655240758697,78.679480054149295,84.255921509332296,90.054650510164294,82.314577920336504,83.501708125162594,77.664481561036595,76.708477549928105,73.406729156831105,66.622537201048999,64.814999012460802,64.988947588523104,57.245880609825697,50.575959665661699,57.258621143824399,57.0248574722889,46.317470810801296,44.1509571439084,57.115949244488398,57.589321222190698,67.710090263752093,68.355261413347407,74.801899942087402,70.091121910880801,62.8129352880757,62.742372654620603,60.396027681458698,59.026081577562998,61.432253451134301,66.328221867645198,67.724808873162701,72.3716422033269,70.273874597397196,74.185522815021002,80.398446006301299,81.332106148295395,89.068854594441305,89.460186091201905,88.080173671682402,82.061247406054903,90.010925063325899,92.440794810221803,84.309824734160998,85.866101015835,75.188279035376993,75.847781586756298,69.567774090867601,56.8989166640132,54.9173329768713,42.1759969373609,47.586067448444702,41.418499097376198,45.047754055909898,51.244763530089898,59.711266292185201,72.761847797370507,83.4186929120619,98.256482927760402,114.92743590083499,122.37484414286099
64.030093554724999,49.320002137039602,41.853627749758402,27.441670080784601,25.906195909405799,25.9256868441717,34.409402236072502,49.621748861904102,55.408652008783598,49.000381084002498,34.598399751231298,17.170751016428898,0,18.661470793885499,30.778482803958699,46.256137327340603,56.5187734241591,70.944050734848403,77.746221403735106,83.979911694544597,73.818613911898396,75.460896143136495,69.270950852964802,68.415665024911206,63.202332584886797,54.947878447315702,54.616322131847198,54.677475155282501,44.539089997849501,38.598814674837797,48.9247356561659,48.852531300627099,37.890547521501198,39.411423537015303,53.9965243600736,54.4527605318507,64.678449903004505,63.068639298764303,73.148037013234102,69.961856086270302,60.009129565397402,61.568390601377899,57.118094508757103,58.980594476861398,61.299276429633899,69.576282462569296,72.5404162687758,74.525919562169804,70.577335238874696,70.878651579973194,76.965924013277501,75.893600059100805,84.674447627332398,84.838202826968697,81.857731489456796,75.429195344163006,85.800517124512396,89.610329265169895,81.908712546162903,84.149506430452504,71.457863200416199,73.146864520312107,66.388108042384005,54.855119417683703,52.7660861441055,40.863965223609,44.636759466266199,42.865890830660597,44.825625667348,54.988933293690103,62.886030062501497,76.761440721514006,88.256344126026207,103.39246112991,121.606803380645,130.18149813593601
48.1985465603004,32.5091252994755,27.7832628601248,20.2471497139158,31.0526707857817,37.604263457416003,49.563727202652103,63.013006016437799,67.820901260291805,59.902518101900199,47.488453378028602,30.223692649248701,18.661470793885499,0,17.3349400952672,30.5656528846059,42.463011777987901,57.165603003794502,65.1220008239154,72.588221881680795,63.8741521484149,68.678014998009601,65.916753421294999,67.088555958451806,59.214301172896597,51.865033204632503,57.475661792201699,56.410513506277297,44.009970941368401,44.482801308578402,56.403152564506698,52.893741613121399,43.508745460418503,50.191053608108099,63.691072276490601,65.851544736691196,73.996561150642805,70.589545061460996,81.166034569309204,80.397398779554393,69.876814042526505,69.856800298328807,62.242536393543404,62.234261733527902,59.871522647313903,66.881178480106897,72.786568837222802,74.261385011680602,72.687433235954202,70.553105194895096,76.234413283526706,74.821317514597894,80.836999394117797,79.084728128186399,73.639679544529699,66.121971088423507,75.129671277758405,81.002180223341298,74.088271321916494,74.1659960236953,60.874299241344197,60.315850654268097,51.980679391248103,41.288753626404898,42.1057002208331,36.070872583417199,44.912995514141599,50.035099562980101,55.672918341657201,66.941152389484401,75.326954258938699,87.463365803639306,98.479986225316594,111.847231283089,129.156713194768,137.39743042643499
43.427672069978797,29.566948395256201,24.080345327006,25.961815349563601,35.011215707925601,47.364781612946103,58.710358089554099,73.246225878183395,79.464953095008894,72.993018045106794,60.816512849958798,44.336876534604997,30.778482803958699,17.3349400952672,0,20.4877151103675,29.576441094033601,47.194895801583897,55.863949441064598,63.5915073235318,52.1052245034899,57.516350347067601,55.3691640968838,57.537116688716402,47.642256477678899,39.675165282531403,49.301145475607299,48.603194349117899,34.977208973631697,39.907593993752798,54.235450324790797,51.331219952325803,44.9751088060356,54.344669017291203,66.501985554533704,67.649379846971996,74.101200922577405,67.635596571587399,80.412702230775906,81.581870404913403,69.125205040539598,69.306736283002707,59.874331779771502,62.020165767267002,59.207930711513299,68.694086383094898,75.561258206099296,74.184612221077899,71.244439449117607,65.422011974800498,70.454580988529997,67.292139922294794,73.623656419607201,71.186744981931994,63.971814037526599,56.3945912455439,67.965736406904398,74.984752769404494,68.916571565081597,70.211162074678299,55.6537198390849,57.220382058364997,50.186682471565497,43.390377102918599,42.839214302652003,39.762575857772298,45.151570370133399,53.922318093435202,58.488247945516598,71.343284299151406,79.411726850474295,91.253526190678201,103.16158918597699,116.37347689569999,134.92956139919599,144.121902209654
26.198976741056899,18.674484488399699,27.666912921166201,38.521790432942197,51.729670987791899,61.598360727217901,72.488879544972505,83.262323665677798,87.314507721347098,80.2357981305652,70.423498638753003,56.704757482111901,46.256137327340603,30.5656528846059,20.4877151103675,0,17.171730891380399,31.381989214429002,42.932797549182503,49.698883936017801,42.963886446425498,53.0910066202472,57.962013697837001,59.990302039083097,48.421261419902798,46.9541333536488,59.638995108214402,55.282412879029302,43.454306900450902,53.933014941944698,64.218193750685202,57.041247805121998,53.248286231651299,64.743084633370501,74.484238164805504,78.151487834935494,82.1547558566877,76.365404438949199,86.977007945599198,90.490330887720305,80.7344354110312,79.933020094310294,71.135657252598406,70.618856930070805,64.087387888121796,68.581037037464,76.591705593224404,75.413443965721598,75.773557525153095,69.5394728177302,71.635541720735006,68.221411302441894,68.925846306307903,65.601109196750699,56.945486454001198,51.120666745182803,57.025550175953903,65.600048400216593,62.771056977955702,60.6551886959775,49.590799777307303,46.397683443229802,38.258718863665699,36.727608901534097,41.913436971256097,47.449663258667499,56.452598600982199,66.689024926144398,72.851579671613393,83.0488296756495,90.0132925392777,98.771056045419698,108.679605835009,119.074143614883,135.63614633022499,144.08601964178899
27.811528542930802,26.788498531995799,30.551147356950501,44.661190158428298,55.802504946427497,67.882030274587706,78.970921900222194,90.389002801673996,96.419315234545095,90.145528948497898,80.956670935617296,66.835655240758697,56.5187734241591,42.463011777987901,29.576441094033601,17.171730891380399,0,20.073368229965499,30.3356625984269,38.5714921200912,29.271762752568002,40.894431132657402,47.8140327134698,52.879430659163901,41.238902029574703,40.611903271871,56.889257384851703,54.912118706818397,45.344541385746503,57.293060280764202,68.628354134178906,63.771897304057298,62.403290259507401,73.433746851920603,81.832538035708097,83.332733978791396,85.643250561770202,76.802841461017096,87.915323622312499,92.6438416709113,81.089393506707694,78.828794701624702,68.141661195600307,67.838836253753001,60.177687678361004,66.329189283718094,75.274523687436599,71.568053931815797,71.526221830606502,62.296675704187301,64.159150281856896,60.456583461727902,60.641575268896197,55.116769909011303,44.028377143801798,37.632176086419697,46.068291636406798,55.776265961753303,53.452233209456402,53.036362803267302,41.157218163184901,41.880063001332701,38.162952842327897,41.020176001934701,42.156651536416398,49.498678516541503,55.4988757584184,68.117624026909198,74.626786162928397,85.687976975165697,93.394959492075301,101.808149889098,113.10671350033699,123.508306046969,141.066843665562,150.127273961377
24.398792164877399,34.5213965963964,43.4096391851456,58.385391596813399,70.537261480112306,80.083292077374196,90.545142869050693,98.799755945473805,103.68656403892599,97.312362552604597,90.539888179250198,78.679480054149295,70.944050734848403,57.165603003794502,47.194895801583897,31.381989214429002,20.073368229965499,0,15.402198818564001,21.999254561401401,24.3303811038455,39.807442780860498,53.518668798598,58.6492258891845,48.728351745787698,53.616736889938998,69.40428459956,65.924589347633997,59.394991048068,72.437704856439197,80.671749789659501,74.134550943863204,74.392086705219995,85.289034965566103,91.639668001726605,94.124028630709105,94.417004227919094,86.148469349620001,94.401404851166504,100.67419433262199,91.432297925331895,87.708643018883606,78.028448122261196,74.920956178514999,64.559342234687705,65.365253045746698,74.716107400462704,71.084710598869407,74.460671400319896,65.846985651237006,64.869583502643096,62.230681857056602,55.995988467607297,48.765319709537202,36.8710141140754,34.132258767055298,32.510034249624098,43.616841744629198,45.794699435864203,41.9287903969553,37.073503797238303,34.050426484590098,33.936620196461099,43.159965641305199,46.642404429836098,58.9217500658049,66.431680490538298,78.8238867624937,86.561105409206903,95.074645891017397,102.19632095734499,107.84644524649001,117.71862178218799,125.603905036207,141.252903077295,149.51840369675
33.422945297151699,43.026832585096102,47.984305588612798,62.720248189116802,73.793184759784296,83.206933511334796,93.919140662576993,101.857569248058,108.07002348157199,101.92032835301001,96.165301340216601,84.255921509332296,77.746221403735106,65.1220008239154,55.863949441064598,42.932797549182503,30.3356625984269,15.402198818564001,0,16.988326126312799,23.6575693766071,36.888641734497803,51.210077341877899,59.240912622841797,52.058024973169204,56.672752237614397,72.5439252005052,71.519742457375401,66.799291729136499,78.6229372251385,87.204029223476596,82.508039069086493,83.168287670030196,92.809235592115002,98.635626064149605,99.508326564047096,99.0561951008807,89.389159166347596,96.739382529947406,103.11385896568,93.0420828625452,87.333827328049793,76.553982671148901,71.819017755946305,59.7888604511773,59.9995350510004,70.160140418153304,65.326561924814499,69.961783057783194,60.632528877844202,60.076797557095702,59.413028755286398,52.030234184618202,41.452216115623699,28.010589167598098,24.3038056176512,19.291232602685,32.198661050458902,34.591127481957301,31.388873114314901,28.563326220576599,29.731580473480399,35.720469954483796,46.319063339913498,46.261137802822702,59.4618050115579,65.651963217588801,78.851179472630406,87.719606161317799,96.133550361543897,104.27563054629999,109.501455974248,120.38011343361001,128.229015781838,144.07524015432301,152.333790380344
41.238893179747201,52.674451587397002,59.908215678682403,72.867617052459295,82.528059172122994,90.216725754374906,98.681559171504503,104.356991341452,109.237800916719,104.188260015371,99.425880377051996,90.054650510164294,83.979911694544597,72.588221881680795,63.5915073235318,49.698883936017801,38.5714921200912,21.999254561401401,16.988326126312799,0,22.0452355697755,34.346925511744701,52.960223908444597,57.1327000095892,50.721364863416703,60.582651813519703,74.534527831073902,70.568194081460405,68.289367501313905,81.635811154665603,86.885436512673806,80.787709138140997,83.477645565630098,93.328851723226407,96.966369879311102,98.948661285581096,96.646005302913593,87.943981668762405,93.542726675404097,101.63975088125299,94.353680775977296,89.574623544461303,81.790789562382201,77.781131921956103,67.553342673576495,65.176408848085899,72.8213572215017,67.583021544181406,72.128562419697005,63.623638057555198,58.535569258195203,56.315120765373997,44.0633196754086,36.1008183367885,26.3016975150219,32.827064344120899,22.4191598744233,29.9918022933904,39.008278093619197,36.791080130534603,41.086342888733,40.788797422164301,46.2324317710953,56.711519315746798,58.252694420490897,70.172925509886596,75.342303032076202,86.0552568155979,93.1212050592667,98.879714971370106,104.86726687729001,107.70274982218299,116.76733695060101,122.56871630259199,137.41999292794401,145.63235050088599
45.692937675688697,50.807408298020398,52.252991809162303,63.743790453994599,69.922521559427906,80.429861774922102,88.5718631157186,97.542996590936596,104.586989222098,100.52884767800499,93.477616876728007,82.314577920336504,73.818613911898396,63.8741521484149,52.1052245034899,42.963886446425498,29.271762752568002,24.3303811038455,23.6575693766071,22.0452355697755,0,17.256237300426498,34.484180680042599,39.774280792027398,31.787154670451699,40.507643703221298,55.877200537455998,54.115288734267402,51.975451127801598,65.217969640386301,72.802983067490402,69.755734632654395,72.830772648820897,82.507313368315707,86.895578899078998,86.640557079740105,84.9271761463486,73.610576232999094,82.611028411488704,90.325865098719405,79.976693736046201,76.371142198537896,67.468286046568593,67.438736823792397,60.588750958761302,65.350100951618401,72.331851834189706,64.871659386593905,64.209786323959094,52.3777991367566,48.739731103371497,43.525932310999202,38.925122623883901,32.341770365785599,20.553539959887001,25.322547443293299,33.2414441344023,39.455683582947501,42.373928404188298,46.812495911605502,42.032452372693598,48.271637823731403,52.0277489888608,58.512884546772398,56.139876043983399,63.200161791651801,64.078207382879697,75.013330690054303,79.874394589954704,87.9988937039641,94.304405476971496,99.596502230465205,110.931440211509,119.555546989597,137.51842790914799,147.27942331997801
58.923340282085398,61.399628226478697,58.8646962834991,67.117624388984794,69.048001589207701,79.144397975442999,85.420731005091895,94.405935908848406,103.056441026345,100.586747087186,93.809799508407593,83.501708125162594,75.460896143136495,68.678014998009601,57.516350347067601,53.0910066202472,40.894431132657402,39.807442780860498,36.888641734497803,34.346925511744701,17.256237300426498,0,21.3527959917506,27.0913208840294,24.945808509787199,35.194502849036702,47.613222065654,48.504200927090501,50.377123458036202,61.6571427376279,68.431474095913501,68.688709594630097,73.053980854125996,80.814665880095205,83.824560739651503,81.083757004352606,78.055130788591796,64.576232416820503,73.425439682326896,81.672925361491806,70.543197862048601,66.468373612160605,58.600579362650898,60.481362999088503,56.815423658762903,64.005836755426003,68.796442176980705,59.0113206060214,55.086474858440297,41.563884578298499,35.825533198629003,28.922175784307299,28.349034682234201,23.567352201479601,18.151768059519799,27.391279298955101,40.203101260100198,41.3502523635293,42.7943152255244,52.370709525850003,47.643603018549797,57.9577664479405,63.056506450765397,67.504196038808502,61.9665522891843,65.285801950762206,61.7758585234984,70.701893856914495,73.577297740434702,80.879101359987999,86.804003180417595,91.814853802920993,104.431913791574,113.80575810504899,133.31031862599201,143.93456860517199
68.912198729508802,66.347898574888305,57.689091136698501,61.789002252567798,58.338671818360801,69.710757350160705,75.213647163408794,86.872574627551998,98.271555837106703,96.834074308807004,88.995846471135096,77.664481561036595,69.270950852964802,65.916753421294999,55.3691640968838,57.962013697837001,47.8140327134698,53.518668798598,51.210077341877899,52.960223908444597,34.484180680042599,21.3527959917506,0,19.135221633169198,23.6436153765044,23.8289053390105,33.193234487972802,41.849600581730499,44.984754418161401,51.308907628009699,60.877208296373702,66.414316146140195,69.857647219867502,75.121152662459494,78.948447753952806,72.4055946680852,70.507837995314404,54.010783753522098,65.450140090283497,71.668073580161604,56.107288642606903,51.505246717932202,41.7522220450916,47.890697117155398,49.178506705628202,62.894551401505097,66.415835444444895,55.379552418992503,45.891003282521901,29.938868086226599,29.802122233853702,23.3899476035722,37.388612510079398,34.816092656253097,33.280555377336803,34.550612866415896,54.034098943896502,54.174774118493602,49.7708147731379,62.394246937440002,52.759089224543999,66.640879311240994,71.116335095153701,71.861692522093193,62.4527825934886,59.935387482127197,50.708292559472198,58.258416012252702,58.960837916219397,68.506418250174804,75.843516469236306,83.706455995836293,99.295823640604198,111.740499570705,133.64060920295199,145.13868688739001
73.070216386743098,70.879531386883798,65.262719532412802,67.361767127390905,62.814246870835198,71.334484151958193,73.218270565680101,82.5168070282419,92.145206326704596,92.416885425471506,84.862831379215507,76.708477549928105,68.415665024911206,67.088555958451806,57.537116688716402,59.990302039083097,52.879430659163901,58.6492258891845,59.240912622841797,57.1327000095892,39.774280792027398,27.0913208840294,19.135221633169198,0,15.972208909403401,26.450170399301999,26.901145169217401,28.9814334699611,37.520840793477298,45.110466803678698,48.9562691963175,54.191306504008097,60.334740799289001,65.3050056275695,66.319318989446302,60.600156069104401,56.479855918412397,40.738407326481202,51.921986557733902,60.405442435595504,49.116153336572701,48.828427667784702,46.508158237681002,54.632865215369698,58.910142354326403,69.403881734177702,70.008241860122695,60.185381183518999,49.704186074323303,38.541168409893999,31.741439823316099,19.329768565494799,33.8866225237511,39.259688962370099,42.241070905609298,47.9953081368173,62.583435930160597,61.258603004961898,59.748167573853102,70.879988217599802,64.2205051029987,74.875833547950194,77.700261056749895,77.905040894863106,71.146253471298607,67.866227680725203,59.689725509469099,62.762750395169498,59.623627688035498,65.034980171748501,68.215421586008901,73.940878924599005,87.516926334119006,99.008083343372903,121.10758861206,133.16409965400999
63.264825163292798,61.232432168796997,57.478642339368498,61.6812683715047,60.085954200003698,70.446427963197607,74.361901739628607,84.930583172514005,93.156576678350305,91.954016939368003,83.1052621125923,73.406729156831105,63.202332584886797,59.214301172896597,47.642256477678899,48.421261419902798,41.238902029574703,48.728351745787698,52.058024973169204,50.721364863416703,31.787154670451699,24.945808509787199,23.6436153765044,15.972208909403401,0,20.0161250381163,28.337633668813901,25.638838675149302,28.878138681168,41.277511630418402,47.468372448183104,49.214332612377703,54.653282747778697,62.628810070527699,65.627361232763604,62.7991541742648,60.701013001597502,47.286824726598702,60.253014712588197,68.077597558273496,56.873721673911,57.785795095059598,53.066056748249302,60.236472946165399,61.779930842492497,71.810895801997006,74.594797542981695,66.342106800017206,58.351098795541397,47.048566012912701,42.699119013880498,31.947440997315699,40.313527873877597,43.168207821991501,41.1385017676266,45.041903228969502,59.323807614467,61.112626736003001,60.260106977547302,68.732083126472105,60.690459513197801,69.208425048699695,70.292453082946906,70.992091197641599,66.277549469990703,64.7814571197258,59.538009396603002,65.1617094255826,63.564580088267803,71.160506931205006,74.840779528310307,81.674154706947604,94.040543736718604,105.203655233243,126.269951079821,137.79832018566
65.064311143078001,58.573341757065002,48.922560840157601,51.119292929524001,46.745521152492799,60.816970832248998,66.873158016090798,81.704895422429203,92.232651934580204,90.269689986515402,79.657798376035302,66.622537201048999,54.947878447315702,51.865033204632503,39.675165282531403,46.9541333536488,40.611903271871,53.616736889938998,56.672752237614397,60.582651813519703,40.507643703221298,35.194502849036702,23.8289053390105,26.450170399301999,20.0161250381163,0,20.653098709759998,29.304591519750598,26.541548171801001,33.179501065658897,47.411797330991803,53.205310584198102,54.971260761878398,61.622391802403797,68.113727276743404,62.644760573511597,64.097635600464699,49.157235362673603,65.190892083428395,69.4613013068859,52.702085212992699,52.886526520685301,43.236290829755099,52.752196481848998,55.5622747216037,70.869596651149195,75.047978254196707,67.051644188368698,57.331727038668497,44.974280189468999,47.886406584476298,40.619859102683499,54.044774652863502,53.340515303963699,48.674174978564899,45.658420999724001,65.070345650469704,68.533227767285496,63.279884301244103,72.420097975697601,59.100540116456799,69.896888519605895,70.2016541426988,68.271853014196907,60.625266154131197,55.447950860282802,47.285007128791698,54.689767300970502,53.342179987787397,66.047579124617499,72.882236554359196,83.865383910503994,98.896529239212398,112.944062382063,135.18112868273499,146.756830059572
78.808046009041007,71.179784590989499,61.332067640363903,58.250653585765797,48.261063498048102,58.284402075171897,59.128068109229098,73.018661344601099,84.100666330947305,84.799470495206606,74.475497529924894,64.814999012460802,54.616322131847198,57.475661792201699,49.301145475607299,59.638995108214402,56.889257384851703,69.40428459956,72.5439252005052,74.534527831073902,55.877200537455998,47.613222065654,33.193234487972802,26.901145169217401,28.337633668813901,20.653098709759998,0,20.1020355043817,25.4831692391665,23.736465366353801,33.913195355112897,45.642123954063301,48.824602822813098,51.5081546417981,55.660979827508498,46.829700250826797,47.794423387738497,31.4149740064884,49.556194100213297,52.9172475344077,36.009478783872503,40.6297492572129,37.975506098097497,51.681152942824497,60.332229422702497,75.486064323604197,76.070333342130198,68.437386921156104,55.359450936941101,46.845416368770898,48.3689390179754,40.7691532626786,58.018901812437903,61.562653746736601,61.600493453081398,60.921740488135299,78.700369920404597,79.529354305926503,74.123752206304005,84.365084456304203,72.746782794747205,83.348369023529798,83.387736228619403,79.551391027298394,71.657849507371495,62.717625914792599,51.741141111087899,52.116366840481902,44.6061557328579,54.251136703328697,58.220220965865302,69.669418259545594,85.142928472498298,100.554147705758,124.22021796512701,136.607301048643
74.618734589642798,68.936934223183897,64.503509153227895,62.714499355110704,56.677523298725802,63.831983928280501,63.161809119464102,73.423634106088599,80.661397783120904,81.619848387951293,71.685238982214997,64.988947588523104,54.677475155282501,56.410513506277297,48.603194349117899,55.282412879029302,54.912118706818397,65.924589347633997,71.519742457375401,70.568194081460405,54.115288734267402,48.504200927090501,41.849600581730499,28.9814334699611,25.638838675149302,29.304591519750598,20.1020355043817,0,16.478929261473699,23.850927642176199,23.707622816196899,29.8437258036261,36.922981894050103,42.684315870737997,44.408385368514402,41.125982822327103,40.4273986273463,29.749933737204099,46.1083581656723,52.325574989581497,43.758503983413704,50.997144960944503,52.607000554322099,63.004104209455598,69.419762416929998,79.685083672814798,79.636061951621201,73.614793655598604,63.312779717690702,57.027645485517603,53.827558428028098,44.2377579200678,55.8716810528894,62.291675250821797,63.080618150284799,65.469035562947695,78.695128511905807,79.535884580736095,77.242520757167995,85.061700464495701,76.487811900308003,83.384974004429907,81.9979705850144,79.104660621173494,75.136973672668802,69.033963923193994,62.745324360423297,62.441250809417397,55.5323024263608,60.644606363237202,60.573835306653002,68.601311326555603,79.926970010692202,92.826961898955702,115.00021223450599,127.158116331214
