0,18.322262916235,36.2924111629501,50.9778288058732,67.684708533689,74.7077709949969,86.5743215868702,93.7506378280632,96.5244005065655,88.0852056238309,81.7711979012,69.9155295805462,64.030093554725,48.1985465603004,43.4276720699788,26.1989767410569,27.8115285429308,24.3987921648774,33.4229452971517,41.2388931797472,45.6929376756887,58.9233402820854,68.9121987295088,73.0702163867431,63.2648251632928,65.064311143078,78.808046009041,74.6187345896428,65.4603162404877,76.1598280573573,84.3643551539146,75.8666678194489,72.9078890597115,83.4838337632062,91.6428073880628,96.0640766368392,98.4979097502124,93.2432504535185,100.541058967742,104.85995898295,96.838512220459,93.2478352977039,83.9456538094815,78.6616364795813,67.1611665693156,64.8791598559409,74.9457285005187,75.3892332709661,81.0447630194952,76.1436964543098,77.3438079127708,76.5148570446564,71.3270200269413,65.2124727527509,55.7245913338631,50.0101254884452,45.7979504977912,56.0044393245697,55.3228371017188,46.9007804672198,41.2732983089354,29.1389159075067,19.1632384178803,26.8138661796811,38.3808750125466,53.0488247411092,66.4431306548814,78.1099766383997,87.7501587740839,95.9539068846655,103.626099423066,109.847806361816,118.502456157142,126.280909348566,140.00450682737,146.863221167436
18.322262916235,0,21.5063095715989,35.0323942873836,52.9537118890318,60.967235996557,74.1719516644654,83.8632275332103,87.7497036642491,78.8419017484887,70.6375920364209,56.2431145031581,49.3200021370396,32.5091252994755,29.5669483952562,18.6744844883997,26.7884985319958,34.5213965963964,43.0268325850961,52.674451587397,50.8074082980204,61.3996282264787,66.3478985748883,70.8795313868838,61.232432168797,58.573341757065,71.1797845909895,68.9369342231839,57.8665961400381,65.7017454312443,76.2936713633167,69.5910041992424,64.3012306270844,73.9718469009917,84.2751523982367,87.6251851472754,92.1261560881499,86.8171541853667,95.6773277870638,98.1070680271494,88.2898576814732,85.2073824290038,75.0318493307931,70.8145744402274,61.0114857324379,62.6759757281343,72.5776939219323,73.5285628270249,77.0662594556673,72.6167217732793,76.5738806755361,75.9329903633737,75.351528009308,69.8957934181291,60.9523740589334,52.5682336495583,55.0416219190759,64.2688908594756,59.7730120893754,54.492667357895,43.1548347187689,35.7249727189299,24.3739347572834,20.6729837750223,30.2940875163264,40.7143806925159,54.8759733470742,66.4851322945494,76.1787324798047,86.3586373048684,95.1365593260585,103.816246988883,113.86100836295,123.952102320451,139.151976408729,146.480238684041
36.2924111629501,21.5063095715989,0,19.3865106002233,36.4757762098835,48.8413681261158,64.2565556651663,78.0488175831697,85.7880783789107,77.5330051324446,67.8703428653543,49.9185486070596,41.8536277497584,27.7832628601248,24.080345327006,27.6669129211662,30.5511473569505,43.4096391851456,47.9843055886128,59.9082156786824,52.2529918091623,58.8646962834991,57.6890911366985,65.2627195324128,57.4786423393685,48.9225608401576,61.3320676403639,64.5035091532279,53.4664212383068,57.2947544482133,71.9580537981903,70.2185206193831,64.1894136331737,71.5814666407708,83.1799403852611,82.7187539241462,88.3661564080831,80.3844638043606,91.1735757758559,91.9294137292932,78.0318229285246,73.7641115139802,60.3951076866334,57.2060405895721,48.6403105808017,57.2902446098048,67.6359917522434,67.094232074853,67.8112404524764,62.1466484245737,70.1248606737986,70.5016118383758,75.124397470371,68.6856245640335,59.7397309006854,47.867703306578,58.201649171676,66.4558972960745,57.6785210984202,57.1293169520293,39.7087973831023,41.3071331051551,35.0932024852276,27.0067559649316,22.6779838872717,25.3505952786814,37.1105180219072,51.4897911877339,62.1785456860334,76.0618348927467,87.3789145600909,98.9100145730084,112.110229047323,125.014783879276,142.749418853857,151.084201659227
50.9778288058732,35.0323942873836,19.3865106002233,0,20.8637498314992,31.6630065584624,48.2888715733471,63.8816551223399,72.5832728464591,64.3940136777589,53.6664885629745,34.0426572341557,27.4416700807846,20.2471497139158,25.9618153495636,38.5217904329422,44.6611901584283,58.3853915968134,62.7202481891168,72.8676170524593,63.7437904539946,67.1176243889848,61.7890022525678,67.3617671273909,61.6812683715047,51.119292929524,58.2506535857658,62.7144993551107,52.0988850639952,50.5302444050611,65.2852536375929,65.7270855901266,57.61253338135,61.8747611458962,74.7476603453922,73.1206907649101,80.7592704250117,74.2288572908029,84.7282106148723,83.074667475179,68.9841367539125,65.2993483848639,53.3501523351449,50.9241476485622,46.717191754638,57.0719938737665,64.865439788943,65.9057593155864,64.7070091491466,62.1736565228198,71.5128791050761,72.5936016885348,80.2510549107026,75.9177813817831,69.8605221920749,59.2402926479735,70.6754209710148,76.4368858545505,66.3916874957419,67.8494051558532,51.5241693979453,54.6438314122444,48.9017574748871,36.8982545195984,30.2667281684547,18.9582727768359,29.1707989372377,38.8436775201098,49.2579184972923,63.7668136312514,75.9215784497709,89.3348369140588,103.136931245056,117.682880812589,135.922577892184,144.25179692003
67.684708533689,52.9537118890318,36.4757762098835,20.8637498314992,0,20.9627869851585,35.6658464755483,55.5282337533818,67.7418414079502,62.4030213326117,50.7503367911289,32.2795573810282,25.9061959094058,31.0526707857817,35.0112157079256,51.7296709877919,55.8025049464275,70.5372614801123,73.7931847597843,82.528059172123,69.9225215594279,69.0480015892077,58.3386718183608,62.8142468708352,60.0859542000037,46.7455211524928,48.2610634980481,56.6775232987258,48.4468594080247,40.8402064254496,56.8039040766946,62.5031830398958,54.8160613647934,55.3362821867843,67.9753013494639,62.410075975655,71.0519519194944,63.2835055683194,74.9441972702752,71.2866502933472,54.3987643503115,51.3912114194091,39.8948104624288,42.1306700650721,45.3985631174367,60.7439957306416,65.2854681368104,64.7196176053901,58.6959668506576,56.8023348085436,67.5678440792094,68.5334907267389,80.7995842691772,78.2541474481019,74.487347926131,65.1038148517796,80.2334838891831,83.8437375223271,72.9426468458158,78.3568457364271,62.1179197522526,69.5355662483102,66.2023922996476,55.2610043555308,45.4578190167324,27.9741879699176,22.9229573908937,25.4925799643737,31.9242663515961,49.7348054831535,62.9985550943763,79.0783117166718,95.0911243475883,111.990603899513,132.395918758979,141.792627906368
74.7077709949969,60.967235996557,48.8413681261158,31.6630065584624,20.9627869851585,0,19.1941050861043,37.3327554848779,49.7225495110042,44.2382931998397,34.4355091172416,20.2360621379486,25.9256868441717,37.604263457416,47.3647816129461,61.5983607272179,67.8820302745877,80.0832920773742,83.2069335113348,90.2167257543749,80.4298617749221,79.144397975443,69.7107573501607,71.3344841519582,70.4464279631976,60.816970832249,58.2844020751719,63.8319839282805,57.8664359323871,48.8301393537778,58.761428017682,63.5169710135669,54.864292883646,51.4290774785116,63.1829750343938,58.3364685178516,67.7042824921191,64.238248934222,71.5493785836872,65.7579804538604,53.5706953876631,50.3862674051583,45.2255841478288,43.8936392635339,48.9846227912202,58.8134522046831,60.0766277162861,63.0802404328361,58.7373430528714,62.6338783030781,71.9143910010419,74.471026771475,85.2946461002739,84.5093859194161,83.4870730842543,76.1319309126834,87.3906025211564,88.9975425312958,78.5585000803025,83.0111189211354,70.3614873825595,75.4659183316175,71.9323494513534,59.6886202367596,51.9051377866292,34.3658885197555,32.9788032136587,23.3640109631509,29.2633047824076,40.2707990449459,53.5388099981722,69.1124836788835,83.8665981289995,100.713134805641,119.646072994717,128.021796677354
86.5743215868702,74.1719516644654,64.2565556651663,48.2888715733471,35.6658464755483,19.1941050861043,0,22.9584137965731,37.5573553765061,37.1438671451409,29.020735196948,26.911060011511,34.4094022360725,49.5637272026521,58.7103580895541,72.4888795449725,78.9709219002222,90.5451428690507,93.919140662577,98.6815591715045,88.5718631157186,85.4207310050919,75.2136471634088,73.2182705656801,74.3619017396286,66.8731580160908,59.1280681092291,63.1618091194641,60.4023476268026,48.9818111650934,53.3517848824772,60.0139733802097,52.3397196794602,44.3069780586744,53.5945475559187,47.1195566191274,57.0253684350012,56.8552583872557,61.511353770019,53.3684530269468,45.2073481993602,44.9785945858286,47.6958433601001,49.1351371945827,58.7435688371106,66.8321769108585,64.0650572334252,67.1105471194903,60.5555504599642,67.0876889103951,74.0047892542681,76.0067918719244,87.7143404318668,89.7245912686448,91.2577599406923,86.5128308234036,97.1706205732326,96.9937394521785,87.8216185537262,93.348371457867,83.017929743944,88.1996296019295,85.1223812691963,73.7863633236482,67.1495143403673,50.8998486853696,46.6831155185703,31.0217811675736,26.6875410826704,28.6856880536754,38.9907932028654,55.3235181496644,69.6556448516977,87.6997326653497,107.22901897826,116.024178849564
93.7506378280632,83.8632275332103,78.0488175831697,63.8816551223399,55.5282337533818,37.3327554848779,22.9584137965731,0,19.2297535033717,24.4761596758146,27.0099912778138,38.1669438950136,49.6217488619041,63.0130060164378,73.2462258781834,83.2623236656778,90.389002801674,98.7997559454738,101.857569248058,104.356991341452,97.5429965909366,94.4059359088484,86.872574627552,82.5168070282419,84.930583172514,81.7048954224292,73.0186613446011,73.4236341060886,73.0847839610986,64.0492512948612,61.9216402607327,65.5875418493667,59.4440413282515,49.7989518878775,54.3136387762259,50.5994931344971,57.8762494284681,62.8049756161548,60.5133590510426,52.0550836429996,53.3071267504577,52.7835806369003,61.0974426266759,59.0946942601852,67.7555426758774,68.9139460858009,62.5172304680541,68.4425798076712,64.7474735963195,75.5566336373739,79.3207623072658,82.429023429783,90.9010383898594,94.7453317172521,98.8480959848098,96.5927467245662,102.904972985433,100.706654171486,93.2269821589617,97.5300105584243,91.5948700806094,94.4673877341212,91.7794734498561,81.2316749341919,76.9898294209551,63.9054440124131,62.637412896061,46.3005329500068,43.0432912613662,32.3398955333738,36.2393104685136,46.0667641078516,56.1638412799236,72.3373522906317,89.2260695732355,96.7128377881649
96.5244005065655,87.7497036642491,85.7880783789107,72.5832728464591,67.7418414079502,49.7225495110042,37.5573553765061,19.2297535033717,0,14.716431996615,24.0824705040756,42.9988018812987,55.4086520087836,67.8209012602918,79.4649530950089,87.3145077213471,96.4193152345451,103.686564038926,108.070023481572,109.237800916719,104.586989222098,103.056441026345,98.2715558371067,92.1452063267046,93.1565766783503,92.2326519345802,84.1006663309473,80.6613977831209,79.7932767273742,72.6450839787715,67.2651746647108,66.7481570466139,60.2730007458521,50.9175025131818,53.9906745705883,55.6855840397663,62.6130275322256,71.720813483055,67.6657184340637,60.6811366879809,66.7968490844805,68.2947331705308,77.2574949328458,74.7637037394264,81.1504718782425,78.6095456927156,72.2841637622029,79.695856716027,78.2651315390807,89.0296908344586,90.5317696901656,92.6459335672903,98.1745770859797,103.062069753539,107.289317063277,106.230880345467,109.573323770262,107.533762009714,101.966281804018,104.025019655665,100.209196608494,99.925412907632,95.810646230654,85.518860741017,84.8476512461661,74.3978735361938,76.7137925771341,62.4707148390521,60.0156008433246,49.1665838150852,48.233022004272,53.023512348486,56.1644633654368,68.6425858598667,81.5045554034865,87.2952722512678
88.0852056238309,78.8419017484887,77.5330051324446,64.3940136777589,62.4030213326117,44.2382931998397,37.1438671451409,24.4761596758146,14.716431996615,0,16.5394058973658,34.7221096691253,49.0003810840025,59.9025181019002,72.9930180451068,80.2357981305652,90.1455289484979,97.3123625526046,101.92032835301,104.188260015371,100.528847678005,100.586747087186,96.834074308807,92.4168854254715,91.954016939368,90.2696899865154,84.7994704952066,81.6198483879513,78.5648570408527,72.5868499344909,70.1203512996975,67.8993888015168,59.9025730706761,53.1051316720874,59.1396648018694,62.0579213222862,69.6828808404761,76.8350684633814,74.9713160640075,69.1317607250363,71.9229750211909,71.9279793226213,77.3207079566529,73.1014285773268,76.8299924694975,73.483155593223,69.3001348718302,77.7011641292986,78.2261512095074,88.0828305867685,90.7090927877133,93.1865280371032,97.6963158371342,100.973092943547,103.721804959276,101.384792574926,103.969813101597,103.02565916578,97.0298657764294,97.6085168218519,93.2878926516633,91.6375830281638,86.6677404655349,75.6377077223749,75.9916991947499,66.3948916404331,71.6045603989784,59.6318254445842,60.748153999278,54.0943676168275,56.7924943964046,63.120285333853,67.546779766085,79.1612369293725,91.0774383196661,96.0795310552584
81.7711979012,70.6375920364209,67.8703428653543,53.6664885629745,50.7503367911289,34.4355091172416,29.020735196948,27.0099912778138,24.0824705040756,16.5394058973658,0,21.3733405393044,34.5983997512313,47.4884533780286,60.8165128499588,70.423498638753,80.9566709356173,90.5398881792502,96.1653013402166,99.425880377052,93.477616876728,93.8097995084076,88.9958464711351,84.8628313792155,83.1052621125923,79.6577983760353,74.4754975299249,71.685238982215,66.9238788566361,60.0228535874737,59.7524144348732,58.1677960265396,48.4857044974326,42.2390021010612,51.6425522969899,54.3573416479199,63.9923251150655,69.7577353032702,71.6727750007301,65.9478692499231,65.416786503953,66.9616637979216,70.4875392787778,68.7512023728546,72.9853807403813,73.6205525021182,71.3977032277542,77.8024426907086,76.2484605119359,83.4675497572751,87.0258643480934,88.0921333152768,94.3946018688356,97.2475073713815,98.4655091177919,95.1015129570297,100.275802926728,100.769302578543,94.2618524630637,95.4929992364945,88.4585101452932,87.7419354439983,81.8669791986197,70.227487018772,70.1154607990135,59.090078272931,63.6363279107985,53.011867697349,53.1125464906751,50.9416156780099,54.72007934334,64.5863009687447,71.3661159931497,84.9505069669364,99.5070883231936,106.003924439061
69.9155295805462,56.2431145031581,49.9185486070596,34.0426572341557,32.2795573810282,20.2360621379486,26.911060011511,38.1669438950136,42.9988018812987,34.7221096691253,21.3733405393044,0,17.1707510164289,30.2236926492487,44.336876534605,56.7047574821119,66.8356552407587,78.6794800541493,84.2559215093323,90.0546505101643,82.3145779203365,83.5017081251626,77.6644815610366,76.7084775499281,73.4067291568311,66.622537201049,64.8149990124608,64.9889475885231,57.2458806098257,50.5759596656617,57.2586211438244,57.0248574722889,46.3174708108013,44.1509571439084,57.1159492444884,57.5893212221907,67.7100902637521,68.3552614133474,74.8018999420874,70.0911219108808,62.8129352880757,62.7423726546206,60.3960276814587,59.026081577563,61.4322534511343,66.3282218676452,67.7248088731627,72.3716422033269,70.2738745973972,74.185522815021,80.3984460063013,81.3321061482954,89.0688545944413,89.4601860912019,88.0801736716824,82.0612474060549,90.0109250633259,92.4407948102218,84.309824734161,85.866101015835,75.188279035377,75.8477815867563,69.5677740908676,56.8989166640132,54.9173329768713,42.1759969373609,47.5860674484447,41.4184990973762,45.0477540559099,51.2447635300899,59.7112662921852,72.7618477973705,83.4186929120619,98.2564829277604,114.927435900835,122.374844142861
64.030093554725,49.3200021370396,41.8536277497584,27.4416700807846,25.9061959094058,25.9256868441717,34.4094022360725,49.6217488619041,55.4086520087836,49.0003810840025,34.5983997512313,17.1707510164289,0,18.6614707938855,30.7784828039587,46.2561373273406,56.5187734241591,70.9440507348484,77.7462214037351,83.9799116945446,73.8186139118984,75.4608961431365,69.2709508529648,68.4156650249112,63.2023325848868,54.9478784473157,54.6163221318472,54.6774751552825,44.5390899978495,38.5988146748378,48.9247356561659,48.8525313006271,37.8905475215012,39.4114235370153,53.9965243600736,54.4527605318507,64.6784499030045,63.0686392987643,73.1480370132341,69.9618560862703,60.0091295653974,61.5683906013779,57.1180945087571,58.9805944768614,61.2992764296339,69.5762824625693,72.5404162687758,74.5259195621698,70.5773352388747,70.8786515799732,76.9659240132775,75.8936000591008,84.6744476273324,84.8382028269687,81.8577314894568,75.429195344163,85.8005171245124,89.6103292651699,81.9087125461629,84.1495064304525,71.4578632004162,73.1468645203121,66.388108042384,54.8551194176837,52.7660861441055,40.863965223609,44.6367594662662,42.8658908306606,44.825625667348,54.9889332936901,62.8860300625015,76.761440721514,88.2563441260262,103.39246112991,121.606803380645,130.181498135936
48.1985465603004,32.5091252994755,27.7832628601248,20.2471497139158,31.0526707857817,37.604263457416,49.5637272026521,63.0130060164378,67.8209012602918,59.9025181019002,47.4884533780286,30.2236926492487,18.6614707938855,0,17.3349400952672,30.5656528846059,42.4630117779879,57.1656030037945,65.1220008239154,72.5882218816808,63.8741521484149,68.6780149980096,65.916753421295,67.0885559584518,59.2143011728966,51.8650332046325,57.4756617922017,56.4105135062773,44.0099709413684,44.4828013085784,56.4031525645067,52.8937416131214,43.5087454604185,50.1910536081081,63.6910722764906,65.8515447366912,73.9965611506428,70.589545061461,81.1660345693092,80.3973987795544,69.8768140425265,69.8568002983288,62.2425363935434,62.2342617335279,59.8715226473139,66.8811784801069,72.7865688372228,74.2613850116806,72.6874332359542,70.5531051948951,76.2344132835267,74.8213175145979,80.8369993941178,79.0847281281864,73.6396795445297,66.1219710884235,75.1296712777584,81.0021802233413,74.0882713219165,74.1659960236953,60.8742992413442,60.3158506542681,51.9806793912481,41.2887536264049,42.1057002208331,36.0708725834172,44.9129955141416,50.0350995629801,55.6729183416572,66.9411523894844,75.3269542589387,87.4633658036393,98.4799862253166,111.847231283089,129.156713194768,137.397430426435
43.4276720699788,29.5669483952562,24.080345327006,25.9618153495636,35.0112157079256,47.3647816129461,58.7103580895541,73.2462258781834,79.4649530950089,72.9930180451068,60.8165128499588,44.336876534605,30.7784828039587,17.3349400952672,0,20.4877151103675,29.5764410940336,47.1948958015839,55.8639494410646,63.5915073235318,52.1052245034899,57.5163503470676,55.3691640968838,57.5371166887164,47.6422564776789,39.6751652825314,49.3011454756073,48.6031943491179,34.9772089736317,39.9075939937528,54.2354503247908,51.3312199523258,44.9751088060356,54.3446690172912,66.5019855545337,67.649379846972,74.1012009225774,67.6355965715874,80.4127022307759,81.5818704049134,69.1252050405396,69.3067362830027,59.8743317797715,62.020165767267,59.2079307115133,68.6940863830949,75.5612582060993,74.1846122210779,71.2444394491176,65.4220119748005,70.45458098853,67.2921399222948,73.6236564196072,71.186744981932,63.9718140375266,56.3945912455439,67.9657364069044,74.9847527694045,68.9165715650816,70.2111620746783,55.6537198390849,57.220382058365,50.1866824715655,43.3903771029186,42.839214302652,39.7625758577723,45.1515703701334,53.9223180934352,58.4882479455166,71.3432842991514,79.4117268504743,91.2535261906782,103.161589185977,116.3734768957,134.929561399196,144.121902209654
26.1989767410569,18.6744844883997,27.6669129211662,38.5217904329422,51.7296709877919,61.5983607272179,72.4888795449725,83.2623236656778,87.3145077213471,80.2357981305652,70.423498638753,56.7047574821119,46.2561373273406,30.5656528846059,20.4877151103675,0,17.1717308913804,31.381989214429,42.9327975491825,49.6988839360178,42.9638864464255,53.0910066202472,57.962013697837,59.9903020390831,48.4212614199028,46.9541333536488,59.6389951082144,55.2824128790293,43.4543069004509,53.9330149419447,64.2181937506852,57.041247805122,53.2482862316513,64.7430846333705,74.4842381648055,78.1514878349355,82.1547558566877,76.3654044389492,86.9770079455992,90.4903308877203,80.7344354110312,79.9330200943103,71.1356572525984,70.6188569300708,64.0873878881218,68.581037037464,76.5917055932244,75.4134439657216,75.7735575251531,69.5394728177302,71.635541720735,68.2214113024419,68.9258463063079,65.6011091967507,56.9454864540012,51.1206667451828,57.0255501759539,65.6000484002166,62.7710569779557,60.6551886959775,49.5907997773073,46.3976834432298,38.2587188636657,36.7276089015341,41.9134369712561,47.4496632586675,56.4525986009822,66.6890249261444,72.8515796716134,83.0488296756495,90.0132925392777,98.7710560454197,108.679605835009,119.074143614883,135.636146330225,144.086019641789
27.8115285429308,26.7884985319958,30.5511473569505,44.6611901584283,55.8025049464275,67.8820302745877,78.9709219002222,90.389002801674,96.4193152345451,90.1455289484979,80.9566709356173,66.8356552407587,56.5187734241591,42.4630117779879,29.5764410940336,17.1717308913804,0,20.0733682299655,30.3356625984269,38.5714921200912,29.271762752568,40.8944311326574,47.8140327134698,52.8794306591639,41.2389020295747,40.611903271871,56.8892573848517,54.9121187068184,45.3445413857465,57.2930602807642,68.6283541341789,63.7718973040573,62.4032902595074,73.4337468519206,81.8325380357081,83.3327339787914,85.6432505617702,76.8028414610171,87.9153236223125,92.6438416709113,81.0893935067077,78.8287947016247,68.1416611956003,67.838836253753,60.177687678361,66.3291892837181,75.2745236874366,71.5680539318158,71.5262218306065,62.2966757041873,64.1591502818569,60.4565834617279,60.6415752688962,55.1167699090113,44.0283771438018,37.6321760864197,46.0682916364068,55.7762659617533,53.4522332094564,53.0363628032673,41.1572181631849,41.8800630013327,38.1629528423279,41.0201760019347,42.1566515364164,49.4986785165415,55.4988757584184,68.1176240269092,74.6267861629284,85.6879769751657,93.3949594920753,101.808149889098,113.106713500337,123.508306046969,141.066843665562,150.127273961377
24.3987921648774,34.5213965963964,43.4096391851456,58.3853915968134,70.5372614801123,80.0832920773742,90.5451428690507,98.7997559454738,103.686564038926,97.3123625526046,90.5398881792502,78.6794800541493,70.9440507348484,57.1656030037945,47.1948958015839,31.381989214429,20.0733682299655,0,15.402198818564,21.9992545614014,24.3303811038455,39.8074427808605,53.518668798598,58.6492258891845,48.7283517457877,53.616736889939,69.40428459956,65.924589347634,59.394991048068,72.4377048564392,80.6717497896595,74.1345509438632,74.39208670522,85.2890349655661,91.6396680017266,94.1240286307091,94.4170042279191,86.14846934962,94.4014048511665,100.674194332622,91.4322979253319,87.7086430188836,78.0284481222612,74.920956178515,64.5593422346877,65.3652530457467,74.7161074004627,71.0847105988694,74.4606714003199,65.846985651237,64.8695835026431,62.2306818570566,55.9959884676073,48.7653197095372,36.8710141140754,34.1322587670553,32.5100342496241,43.6168417446292,45.7946994358642,41.9287903969553,37.0735037972383,34.0504264845901,33.9366201964611,43.1599656413052,46.6424044298361,58.9217500658049,66.4316804905383,78.8238867624937,86.5611054092069,95.0746458910174,102.196320957345,107.84644524649,117.718621782188,125.603905036207,141.252903077295,149.51840369675
33.4229452971517,43.0268325850961,47.9843055886128,62.7202481891168,73.7931847597843,83.2069335113348,93.919140662577,101.857569248058,108.070023481572,101.92032835301,96.1653013402166,84.2559215093323,77.7462214037351,65.1220008239154,55.8639494410646,42.9327975491825,30.3356625984269,15.402198818564,0,16.9883261263128,23.6575693766071,36.8886417344978,51.2100773418779,59.2409126228418,52.0580249731692,56.6727522376144,72.5439252005052,71.5197424573754,66.7992917291365,78.6229372251385,87.2040292234766,82.5080390690865,83.1682876700302,92.809235592115,98.6356260641496,99.5083265640471,99.0561951008807,89.3891591663476,96.7393825299474,103.11385896568,93.0420828625452,87.3338273280498,76.5539826711489,71.8190177559463,59.7888604511773,59.9995350510004,70.1601404181533,65.3265619248145,69.9617830577832,60.6325288778442,60.0767975570957,59.4130287552864,52.0302341846182,41.4522161156237,28.0105891675981,24.3038056176512,19.291232602685,32.1986610504589,34.5911274819573,31.3888731143149,28.5633262205766,29.7315804734804,35.7204699544838,46.3190633399135,46.2611378028227,59.4618050115579,65.6519632175888,78.8511794726304,87.7196061613178,96.1335503615439,104.2756305463,109.501455974248,120.38011343361,128.229015781838,144.075240154323,152.333790380344
41.2388931797472,52.674451587397,59.9082156786824,72.8676170524593,82.528059172123,90.2167257543749,98.6815591715045,104.356991341452,109.237800916719,104.188260015371,99.425880377052,90.0546505101643,83.9799116945446,72.5882218816808,63.5915073235318,49.6988839360178,38.5714921200912,21.9992545614014,16.9883261263128,0,22.0452355697755,34.3469255117447,52.9602239084446,57.1327000095892,50.7213648634167,60.5826518135197,74.5345278310739,70.5681940814604,68.2893675013139,81.6358111546656,86.8854365126738,80.787709138141,83.4776455656301,93.3288517232264,96.9663698793111,98.9486612855811,96.6460053029136,87.9439816687624,93.5427266754041,101.639750881253,94.3536807759773,89.5746235444613,81.7907895623822,77.7811319219561,67.5533426735765,65.1764088480859,72.8213572215017,67.5830215441814,72.128562419697,63.6236380575552,58.5355692581952,56.315120765374,44.0633196754086,36.1008183367885,26.3016975150219,32.8270643441209,22.4191598744233,29.9918022933904,39.0082780936192,36.7910801305346,41.086342888733,40.7887974221643,46.2324317710953,56.7115193157468,58.2526944204909,70.1729255098866,75.3423030320762,86.0552568155979,93.1212050592667,98.8797149713701,104.86726687729,107.702749822183,116.767336950601,122.568716302592,137.419992927944,145.632350500886
45.6929376756887,50.8074082980204,52.2529918091623,63.7437904539946,69.9225215594279,80.4298617749221,88.5718631157186,97.5429965909366,104.586989222098,100.528847678005,93.477616876728,82.3145779203365,73.8186139118984,63.8741521484149,52.1052245034899,42.9638864464255,29.271762752568,24.3303811038455,23.6575693766071,22.0452355697755,0,17.2562373004265,34.4841806800426,39.7742807920274,31.7871546704517,40.5076437032213,55.877200537456,54.1152887342674,51.9754511278016,65.2179696403863,72.8029830674904,69.7557346326544,72.8307726488209,82.5073133683157,86.895578899079,86.6405570797401,84.9271761463486,73.6105762329991,82.6110284114887,90.3258650987194,79.9766937360462,76.3711421985379,67.4682860465686,67.4387368237924,60.5887509587613,65.3501009516184,72.3318518341897,64.8716593865939,64.2097863239591,52.3777991367566,48.7397311033715,43.5259323109992,38.9251226238839,32.3417703657856,20.553539959887,25.3225474432933,33.2414441344023,39.4556835829475,42.3739284041883,46.8124959116055,42.0324523726936,48.2716378237314,52.0277489888608,58.5128845467724,56.1398760439834,63.2001617916518,64.0782073828797,75.0133306900543,79.8743945899547,87.9988937039641,94.3044054769715,99.5965022304652,110.931440211509,119.555546989597,137.518427909148,147.279423319978
58.9233402820854,61.3996282264787,58.8646962834991,67.1176243889848,69.0480015892077,79.144397975443,85.4207310050919,94.4059359088484,103.056441026345,100.586747087186,93.8097995084076,83.5017081251626,75.4608961431365,68.6780149980096,57.5163503470676,53.0910066202472,40.8944311326574,39.8074427808605,36.8886417344978,34.3469255117447,17.2562373004265,0,21.3527959917506,27.0913208840294,24.9458085097872,35.1945028490367,47.613222065654,48.5042009270905,50.3771234580362,61.6571427376279,68.4314740959135,68.6887095946301,73.053980854126,80.8146658800952,83.8245607396515,81.0837570043526,78.0551307885918,64.5762324168205,73.4254396823269,81.6729253614918,70.5431978620486,66.4683736121606,58.6005793626509,60.4813629990885,56.8154236587629,64.005836755426,68.7964421769807,59.0113206060214,55.0864748584403,41.5638845782985,35.825533198629,28.9221757843073,28.3490346822342,23.5673522014796,18.1517680595198,27.3912792989551,40.2031012601002,41.3502523635293,42.7943152255244,52.37070952585,47.6436030185498,57.9577664479405,63.0565064507654,67.5041960388085,61.9665522891843,65.2858019507622,61.7758585234984,70.7018938569145,73.5772977404347,80.879101359988,86.8040031804176,91.814853802921,104.431913791574,113.805758105049,133.310318625992,143.934568605172
68.9121987295088,66.3478985748883,57.6890911366985,61.7890022525678,58.3386718183608,69.7107573501607,75.2136471634088,86.872574627552,98.2715558371067,96.834074308807,88.9958464711351,77.6644815610366,69.2709508529648,65.916753421295,55.3691640968838,57.962013697837,47.8140327134698,53.518668798598,51.2100773418779,52.9602239084446,34.4841806800426,21.3527959917506,0,19.1352216331692,23.6436153765044,23.8289053390105,33.1932344879728,41.8496005817305,44.9847544181614,51.3089076280097,60.8772082963737,66.4143161461402,69.8576472198675,75.1211526624595,78.9484477539528,72.4055946680852,70.5078379953144,54.0107837535221,65.4501400902835,71.6680735801616,56.1072886426069,51.5052467179322,41.7522220450916,47.8906971171554,49.1785067056282,62.8945514015051,66.4158354444449,55.3795524189925,45.8910032825219,29.9388680862266,29.8021222338537,23.3899476035722,37.3886125100794,34.8160926562531,33.2805553773368,34.5506128664159,54.0340989438965,54.1747741184936,49.7708147731379,62.39424693744,52.759089224544,66.640879311241,71.1163350951537,71.8616925220932,62.4527825934886,59.9353874821272,50.7082925594722,58.2584160122527,58.9608379162194,68.5064182501748,75.8435164692363,83.7064559958363,99.2958236406042,111.740499570705,133.640609202952,145.13868688739
73.0702163867431,70.8795313868838,65.2627195324128,67.3617671273909,62.8142468708352,71.3344841519582,73.2182705656801,82.5168070282419,92.1452063267046,92.4168854254715,84.8628313792155,76.7084775499281,68.4156650249112,67.0885559584518,57.5371166887164,59.9903020390831,52.8794306591639,58.6492258891845,59.2409126228418,57.1327000095892,39.7742807920274,27.0913208840294,19.1352216331692,0,15.9722089094034,26.450170399302,26.9011451692174,28.9814334699611,37.5208407934773,45.1104668036787,48.9562691963175,54.1913065040081,60.334740799289,65.3050056275695,66.3193189894463,60.6001560691044,56.4798559184124,40.7384073264812,51.9219865577339,60.4054424355955,49.1161533365727,48.8284276677847,46.508158237681,54.6328652153697,58.9101423543264,69.4038817341777,70.0082418601227,60.185381183519,49.7041860743233,38.541168409894,31.7414398233161,19.3297685654948,33.8866225237511,39.2596889623701,42.2410709056093,47.9953081368173,62.5834359301606,61.2586030049619,59.7481675738531,70.8799882175998,64.2205051029987,74.8758335479502,77.7002610567499,77.9050408948631,71.1462534712986,67.8662276807252,59.6897255094691,62.7627503951695,59.6236276880355,65.0349801717485,68.2154215860089,73.940878924599,87.516926334119,99.0080833433729,121.10758861206,133.16409965401
63.2648251632928,61.232432168797,57.4786423393685,61.6812683715047,60.0859542000037,70.4464279631976,74.3619017396286,84.930583172514,93.1565766783503,91.954016939368,83.1052621125923,73.4067291568311,63.2023325848868,59.2143011728966,47.6422564776789,48.4212614199028,41.2389020295747,48.7283517457877,52.0580249731692,50.7213648634167,31.7871546704517,24.9458085097872,23.6436153765044,15.9722089094034,0,20.0161250381163,28.3376336688139,25.6388386751493,28.878138681168,41.2775116304184,47.4683724481831,49.2143326123777,54.6532827477787,62.6288100705277,65.6273612327636,62.7991541742648,60.7010130015975,47.2868247265987,60.2530147125882,68.0775975582735,56.873721673911,57.7857950950596,53.0660567482493,60.2364729461654,61.7799308424925,71.810895801997,74.5947975429817,66.3421068000172,58.3510987955414,47.0485660129127,42.6991190138805,31.9474409973157,40.3135278738776,43.1682078219915,41.1385017676266,45.0419032289695,59.323807614467,61.112626736003,60.2601069775473,68.7320831264721,60.6904595131978,69.2084250486997,70.2924530829469,70.9920911976416,66.2775494699907,64.7814571197258,59.538009396603,65.1617094255826,63.5645800882678,71.160506931205,74.8407795283103,81.6741547069476,94.0405437367186,105.203655233243,126.269951079821,137.79832018566
65.064311143078,58.573341757065,48.9225608401576,51.119292929524,46.7455211524928,60.816970832249,66.8731580160908,81.7048954224292,92.2326519345802,90.2696899865154,79.6577983760353,66.622537201049,54.9478784473157,51.8650332046325,39.6751652825314,46.9541333536488,40.611903271871,53.616736889939,56.6727522376144,60.5826518135197,40.5076437032213,35.1945028490367,23.8289053390105,26.450170399302,20.0161250381163,0,20.65309870976,29.3045915197506,26.541548171801,33.1795010656589,47.4117973309918,53.2053105841981,54.9712607618784,61.6223918024038,68.1137272767434,62.6447605735116,64.0976356004647,49.1572353626736,65.1908920834284,69.4613013068859,52.7020852129927,52.8865265206853,43.2362908297551,52.752196481849,55.5622747216037,70.8695966511492,75.0479782541967,67.0516441883687,57.3317270386685,44.974280189469,47.8864065844763,40.6198591026835,54.0447746528635,53.3405153039637,48.6741749785649,45.658420999724,65.0703456504697,68.5332277672855,63.2798843012441,72.4200979756976,59.1005401164568,69.8968885196059,70.2016541426988,68.2718530141969,60.6252661541312,55.4479508602828,47.2850071287917,54.6897673009705,53.3421799877874,66.0475791246175,72.8822365543592,83.865383910504,98.8965292392124,112.944062382063,135.181128682735,146.756830059572
78.808046009041,71.1797845909895,61.3320676403639,58.2506535857658,48.2610634980481,58.2844020751719,59.1280681092291,73.0186613446011,84.1006663309473,84.7994704952066,74.4754975299249,64.8149990124608,54.6163221318472,57.4756617922017,49.3011454756073,59.6389951082144,56.8892573848517,69.40428459956,72.5439252005052,74.5345278310739,55.877200537456,47.613222065654,33.1932344879728,26.9011451692174,28.3376336688139,20.65309870976,0,20.1020355043817,25.4831692391665,23.7364653663538,33.9131953551129,45.6421239540633,48.8246028228131,51.5081546417981,55.6609798275085,46.8297002508268,47.7944233877385,31.4149740064884,49.5561941002133,52.9172475344077,36.0094787838725,40.6297492572129,37.9755060980975,51.6811529428245,60.3322294227025,75.4860643236042,76.0703333421302,68.4373869211561,55.3594509369411,46.8454163687709,48.3689390179754,40.7691532626786,58.0189018124379,61.5626537467366,61.6004934530814,60.9217404881353,78.7003699204046,79.5293543059265,74.123752206304,84.3650844563042,72.7467827947472,83.3483690235298,83.3877362286194,79.5513910272984,71.6578495073715,62.7176259147926,51.7411411110879,52.1163668404819,44.6061557328579,54.2511367033287,58.2202209658653,69.6694182595456,85.1429284724983,100.554147705758,124.220217965127,136.607301048643
74.6187345896428,68.9369342231839,64.5035091532279,62.7144993551107,56.6775232987258,63.8319839282805,63.1618091194641,73.4236341060886,80.6613977831209,81.6198483879513,71.685238982215,64.9889475885231,54.6774751552825,56.4105135062773,48.6031943491179,55.2824128790293,54.9121187068184,65.924589347634,71.5197424573754,70.5681940814604,54.1152887342674,48.5042009270905,41.8496005817305,28.9814334699611,25.6388386751493,29.3045915197506,20.1020355043817,0,16.4789292614737,23.8509276421762,23.7076228161969,29.8437258036261,36.9229818940501,42.684315870738,44.4083853685144,41.1259828223271,40.4273986273463,29.7499337372041,46.1083581656723,52.3255749895815,43.7585039834137,50.9971449609445,52.6070005543221,63.0041042094556,69.41976241693,79.6850836728148,79.6360619516212,73.6147936555986,63.3127797176907,57.0276454855176,53.8275584280281,44.2377579200678,55.8716810528894,62.2916752508218,63.0806181502848,65.4690355629477,78.6951285119058,79.5358845807361,77.242520757168,85.0617004644957,76.487811900308,83.3849740044299,81.9979705850144,79.1046606211735,75.1369736726688,69.033963923194,62.7453243604233,62.4412508094174,55.5323024263608,60.6446063632372,60.573835306653,68.6013113265556,79.9269700106922,92.8269618989557,115.000212234506,127.158116331214
65.4603162404877,57.8665961400381,53.4664212383068,52.0988850639952,48.4468594080247,57.8664359323871,60.4023476268026,73.0847839610986,79.7932767273742,78.5648570408527,66.9238788566361,57.2458806098257,44.5390899978495,44.0099709413684,34.9772089736317,43.4543069004509,45.3445413857465,59.394991048068,66.7992917291365,68.2893675013139,51.9754511278016,50.3771234580362,44.9847544181614,37.5208407934773,28.878138681168,26.541548171801,25.4831692391665,16.4789292614737,0,18.2982274981085,27.5375765390218,29.0854041428101,31.2746890701887,40.5165699305336,47.3052487301115,46.6494390871551,50.0468500446161,41.8343707838276,57.9305782740899,61.8868466804518,51.3283957125936,57.105905702787,54.5722773614539,63.5258369015343,67.6212473767364,78.4384142264937,80.6011162797054,75.9209346100266,67.4801286816053,60.720878406811,60.5665855243067,52.548611129097,62.6360745806053,66.126544212687,63.6313967624303,62.8751657243214,76.4574951789141,79.6597730452058,76.3377617354099,82.2794014212617,71.487003718363,76.9675144404026,73.7389069288229,69.9249835439177,67.0310419067376,61.2402839603641,57.4082506253357,59.6506234702768,55.2935822127345,63.9539462031848,66.4673844393221,76.6465381993907,88.0298716219712,101.340978674216,122.450206039418,133.756815085443
76.1598280573573,65.7017454312443,57.2947544482133,50.5302444050611,40.8402064254496,48.8301393537778,48.9818111650934,64.0492512948612,72.6450839787715,72.5868499344909,60.0228535874737,50.5759596656617,38.5988146748378,44.4828013085784,39.9075939937528,53.9330149419447,57.2930602807642,72.4377048564392,78.6229372251385,81.6358111546656,65.2179696403863,61.6571427376279,51.3089076280097,45.1104668036787,41.2775116304184,33.1795010656589,23.7364653663538,23.8509276421762,18.2982274981085,0,21.7115537863387,32.2088478791897,30.5597882002537,33.4524526214093,42.2766066162559,37.1920915420057,44.3594209904083,36.5832793595074,53.9235602474629,54.0510322028828,40.9723982516332,48.6991444032766,47.6765878103042,58.9323788189862,66.6882676978085,79.8292882434189,80.6653445286688,76.6693797925167,66.1181263685798,61.5207981665825,64.2397030124081,58.1798155252455,71.9163294127237,75.4199058561317,74.1339445225611,71.5982115649993,86.881423488086,89.2156694700488,83.5041004837977,90.6127781293225,78.2948713923815,85.2168825761932,81.9757861245626,75.5173783793268,70.3997950157061,59.9595360583574,53.0706121555667,51.2964697381741,43.417622688785,53.1815693870729,56.1495351429587,69.5625784195206,82.7425057223854,98.7202223758002,121.062181661288,132.626938468389
84.3643551539146,76.2936713633167,71.9580537981903,65.2852536375929,56.8039040766946,58.761428017682,53.3517848824772,61.9216402607327,67.2651746647108,70.1203512996975,59.7524144348732,57.2586211438244,48.9247356561659,56.4031525645067,54.2354503247908,64.2181937506852,68.6283541341789,80.6717497896595,87.2040292234766,86.8854365126738,72.8029830674904,68.4314740959135,60.8772082963737,48.9562691963175,47.4683724481831,47.4117973309918,33.9131953551129,23.7076228161969,27.5375765390218,21.7115537863387,0,19.3441799342684,24.1647168413331,23.4416001249004,24.3306662339063,21.77351994959,27.0271447672802,27.1321460497492,41.3778243187853,43.1042757529247,39.8704389639409,51.3950824906683,58.0135571478113,68.2307067563845,77.0407347749289,86.0034231031588,83.9560534929174,80.7905421237669,70.5735387544621,69.1241709570502,67.4437907961557,60.504015298393,71.9928460527705,79.2220100544325,81.1398236881469,82.27730345464,93.9262232496134,94.2742102588594,90.8839823758637,97.5497528277017,89.0663922566728,94.1907274105244,91.053469398221,85.3560450252719,82.3731783608102,73.3259283063355,67.8405244957885,62.3245336656148,52.2018203200474,53.6359772249768,49.9190968200532,59.1216735102492,68.4993212832079,82.9813389016292,105.040342778173,117.044136447037
